-2.006170877990309354e+00 4.653422172398790496e-02 8.649842366741240518e-01 3.259621242185009482e+00
1.823755314900553870e+00 -1.992929309917195413e+00 -1.660097894396062701e+00 -1.375795872259826247e+00
-4.276418827052129168e-01 1.630693679071853586e+00 3.354225120260863502e+00 2.089004414203525339e+00
-4.793951204465911609e+00 1.248790282736497170e+00 2.921036828296605936e+00 -1.276377122016563614e+00
-1.668527764315593798e-01 -1.613323220645497269e+00 8.744611957883283715e-01 -5.211238189743431226e-01
-5.806840487422965102e-01 -3.920180053524942310e-02 2.254769687548920043e+00 6.295799810394967500e-01
-4.161116537331523979e+00 3.768401947019000886e+00 -5.156891551283274922e+00 -9.241398337509261207e-01
-1.517545030992195065e-01 6.448621736418314043e-01 2.715159971084700530e+00 5.458430036461900947e+00
1.094774245511340283e+00 2.838879086073920366e+00 2.203482961422955189e+00 -2.072283246929763401e+00
-2.870583428647481283e-01 -1.780443427752815611e+00 6.341342261237435274e+00 1.255229490659208746e-01
3.620866078915244923e+00 -2.284054842283995690e+00 3.594305322132324232e+00 1.519517233329940931e+00
5.320646113446231062e+00 -4.125482732023147747e+00 -3.005474069719426544e-01 1.806784198204866465e+00
-4.343449109765201044e+00 6.213732501196432834e-01 1.726326433992850795e+00 3.159873837569932675e+00
1.218848502331798533e+00 6.392019319437213021e+00 -4.002521311297154938e+00 5.462537676699241729e-01
-3.226386377106613690e+00 3.749232687272313624e-01 3.992864308836846732e+00 7.640361508158022286e-01
6.757652720521433176e-01 3.955199939555041677e+00 1.690929151980762768e+00 -2.116071097761387687e+00
1.385522840534176625e+00 1.004515688785121874e+00 2.072898125021829241e+00 -1.934273448237922244e+00
-4.225789298419839191e-01 -7.600801637498479923e-01 1.443841865833011440e+00 5.440800466382417211e-01
-1.455935921903640295e+00 3.477508567325149347e+00 -1.301304823545693656e+00 3.367111531524398682e+00
-4.714594560076309726e+00 -5.448503784997577037e-01 5.882765586094514942e-01 -8.358168464642407036e-01
-3.664277207058322272e+00 -1.438022973994919296e+00 2.932869926858427512e+00 -1.203210262613829240e+00
-2.660514485289335429e+00 2.187681565363528424e+00 1.444163274856595791e+00 8.247484087752893211e-01
2.196010563549981587e+00 2.457024306878701658e+00 3.375738693740949259e+00 -3.592141873369211202e-01
9.905927187379208743e-01 2.546246448873701773e+00 -2.244179347496812138e+00 1.341667865571716245e+00
3.568817101811557091e+00 2.916731897235202986e+00 3.142102666424005264e+00 -3.029298426451321746e-01
5.648836449373048296e+00 -3.184740231402475530e+00 1.888716954715160545e+00 5.644154771804527071e-01
1.411478222869670507e+00 -4.690507299572331812e-01 -1.449188298589842105e+00 -1.134224955037813842e+00
5.777319904265735495e+00 -4.492868960599212258e+00 7.283333141707594161e-01 1.040062630331553439e+00
1.200851083414604004e+00 -4.361399447993862255e-01 1.293361487484619543e+00 -1.407147523601595784e+00
-2.597335842530270611e+00 -1.666309700198079113e+00 2.243746534156188854e+00 -4.035019613338087119e+00
8.950295087060499810e+00 1.608398299560937827e+00 4.794141948555973087e+00 1.592911627560453569e+00
5.575785989493034833e+00 -5.878576030279005771e-01 1.455622703461734446e-01 -7.638914508179450724e-01
-4.167117222673031307e+00 9.628062097623153459e-01 -4.345463013827634557e-01 -1.157118909931039941e+00
-2.178037321125225745e+00 -2.597610921329555067e-01 1.552679502164653780e+00 -1.725345556796312296e+00
3.138390564297891761e+00 1.276274306820684545e+00 3.498272321146785047e-02 8.631313269193288673e-02
-4.366198517419055847e+00 -3.554185007950000363e-01 7.668782372921082446e-01 1.211619441206004621e+00
-3.541398366770452721e+00 7.045010079678180048e-01 3.172952565261796032e+00 4.367236960288566117e+00
5.243360177647928388e+00 1.502244089587123910e-01 6.298158179605855000e-01 -1.384163433180275016e+00
3.090483967948729926e+00 4.655593437609691909e-01 -4.143235884304384831e-01 1.519102789335581516e+00
5.845467840918953328e+00 -1.125731295248366237e+00 1.827778810394631304e+00 3.136871218380641313e-01
-6.819458622123849345e+00 9.096602495342896999e-01 3.452646036052519296e+00 1.192007027143794584e+00
-2.547518477631060652e+00 -7.288792930448622087e-01 4.794188749017345152e+00 1.833990641108817377e+00
-5.563489809410869791e-01 7.910790033348451544e+00 -3.408216726757610004e+00 -2.848449569685339022e-01
-8.199769201370360250e+00 -9.086364100473482974e-01 -1.904993030960346667e+00 -5.678888170182062600e-01
2.306240511329266329e+00 -3.541339829556584995e+00 6.718102382293562602e-01 -2.333596849790856853e-01
-6.839441325656506976e+00 3.390928086275254660e+00 1.885549745191990478e+00 1.776654518289377593e+00
-2.062094031077903011e+00 3.082954376430253607e+00 1.903840366604180545e+00 1.731052697270955232e+00
-6.314861697257355466e+00 2.478812086994836295e-01 2.980656182314209257e+00 4.327481187691886722e-01
-1.226488165447815692e+00 4.306968821997603669e+00 -6.224224680580763280e-01 -1.243348839259216465e+00
-7.577371778407581360e+00 3.614467692261319254e+00 2.357777675742336043e-01 4.192019978605600272e+00
2.485545190357040024e+00 2.102209874195521966e+00 1.251742477603077219e-01 4.534875250594041507e-01
-3.451178294783197487e+00 4.330334432513770260e+00 2.228291376220036479e+00 1.266873194730478547e+00
9.617890465359825170e-01 -3.262584750075167683e+00 4.300117325151548431e-01 -2.336945918376111542e-01
-7.600419073549807836e-02 6.153174086148484712e+00 -3.019322897293247876e-01 2.823155207976051906e-01
1.875584096977366722e+00 1.961268282266708241e+00 4.606811361810121408e-01 -4.820318856694973064e+00
1.762745057143618732e+00 4.863414824851005624e-01 3.326468469172835452e+00 -3.408246649872002654e-01
8.870661899979097598e-01 -3.778537056085989221e+00 -5.743695885608737228e-01 8.679588429698577301e-03
6.436842089852441440e+00 5.117938569131974980e+00 3.648810875651591790e+00 1.383622526839967337e+00
-2.951064688919458501e+00 -2.420240347552144566e+00 9.737281756055765625e-01 3.079954942952408459e+00
3.644776328093441986e+00 -1.200276704351991963e+00 -3.357754687647418024e+00 -1.842524020664736417e+00
2.689039511695271223e+00 3.305942527584782464e+00 -3.244330342581464688e+00 1.175953586189259159e+00
-3.488511270279835763e+00 -2.143744816849116219e+00 4.038269940397179347e+00 -3.836420052048206686e-01
-3.221304312784922796e+00 -4.672519438270920644e-01 -2.003679088054329149e+00 -1.804671239770605284e+00
1.400616765721956591e+00 -3.709305073724112334e-01 1.878599379205776687e+00 -1.899679809347415871e+00
4.691269660035917166e-01 3.344034699773480668e+00 1.659079128743358833e+00 2.696665473483657038e+00
4.209687407870162268e+00 1.159416189439519629e+00 -3.527736552386935731e+00 -1.119661231566909221e+00
3.338211535559989507e+00 -9.698972409347959012e-01 3.294245068119595388e+00 -6.609686121093532041e-01
8.350154983795433639e-01 3.487347425927370015e+00 -7.277974099666629781e-01 9.479210366695769441e-01
2.061834397855071721e+00 -1.880176454974632483e+00 4.801207629553827516e+00 3.227394680065582833e+00
-4.708109191830653018e+00 -1.256606683529616575e+00 -6.431548778386780851e-01 2.204762607067261015e+00
2.433934170184253620e+00 -9.645146355660072501e-01 -2.334975408407415909e+00 -2.568545334106834055e+00
-6.439218062780497576e+00 3.376822820500192890e+00 -5.061535198844095973e-01 1.982329963754063895e+00
1.182913043585517299e+00 5.858114217698394022e+00 -5.065342771899613794e+00 -2.411155068352339281e+00
-4.662976914189804756e-01 1.688957614612405678e+00 -1.220403650501266757e+00 4.712994838233842132e-01
-1.456140924592082886e+00 1.839104376699174370e+00 -2.919387543658820139e-01 -1.502069696254372255e+00
-2.773077312161272623e+00 2.675528482387436124e+00 -1.146673056813442004e+00 3.278886781330546119e-01
2.736656634692566925e+00 -2.378759743603581445e+00 -2.521102514971638175e+00 -5.611420486277620551e-02
-9.174203054492733322e-01 4.002389983579376143e+00 2.167431465478742325e+00 -1.418565651926517734e+00
-4.162638871958044828e-01 4.444409422262571852e+00 4.463263765186809451e+00 9.750389402469663569e-01
-4.644827452247749733e+00 3.361501901270728343e+00 1.270478047880937433e+00 -1.398779324176464278e-01
5.738832849549493353e+00 -3.386926925425465917e+00 1.964688857260689758e+00 -4.868121431901276108e-01
-2.154649962138784680e+00 4.102055563800034221e+00 -3.561949332942884627e+00 -3.416128763161521142e+00
1.813058484541882676e+00 -3.179326474071534570e+00 -3.495609326650429782e+00 7.398100838027263926e+00
8.709911304547860667e+00 -2.212326221171311502e+00 -6.861544176880436385e-01 -2.534919183534953616e-02
-4.608038872826234034e+00 3.294218815036347170e+00 9.371682719029612585e-01 3.864868722256821765e-01
-3.903382416604979532e+00 1.034870905777339534e+00 1.173771546483957318e+00 1.198016586301385633e+00
1.487358654989811235e+00 -1.791965739344855146e+00 2.301128810720255657e+00 -1.863291715870516452e+00
6.081707163299209462e+00 4.297330058910649342e+00 3.582420359742711558e+00 1.756241655672049706e+00
-1.851087995314188994e+00 3.665421143033415485e-01 1.344995901182864939e+00 3.775406630320033430e-01
3.383107102092126617e+00 2.124945241836463161e+00 -3.209024412842071516e+00 -4.880627898419685473e-01
-5.364401833122093066e+00 1.800792010056007308e+00 -3.431574154062082105e+00 -2.080705735516638288e+00
1.265444067360569136e+00 -1.003216636258785766e+00 -1.356787871188550376e+00 2.817397199700463428e+00
-4.234880079785517282e+00 -1.289453174930166091e+00 6.597477632744764842e-01 4.874587477859010365e-01
-5.837307593821937424e+00 -1.779309553575069147e+00 8.777891820457901506e-01 9.673285995340777932e-01
4.775465275926340958e+00 -3.687160433784049244e-04 1.482594453210273278e+00 -1.474952219162651290e-01
-1.458181447136738695e+00 1.470025872865550198e+00 -3.020611927038485245e+00 -3.308310919730284905e+00
-5.618964511525898153e+00 4.884186944213503856e-01 -1.871599883608060289e+00 -1.910779520471774351e+00
3.148452859564250694e+00 -3.205610842652195203e+00 -2.043502687559423325e+00 1.240881277873536526e+00
1.026799009068126622e+01 2.892343186006571809e+00 -1.788059317347591604e+00 1.649644778162242531e+00
1.351311590535586582e+00 3.111440902027918121e+00 -3.355566212016063421e+00 -6.633019130891479875e-01
-3.715824302908692367e+00 -1.247924469152063232e+00 -2.637181964990961136e-01 2.690020803046397346e-01
2.346660217254940672e+00 1.134630357881279972e+00 6.011849732584805261e-01 3.766787303373951290e-01
-5.196872143056792126e+00 2.703407461987575644e+00 2.559819858524836178e+00 2.200362804280082685e+00
8.346843883151302990e+00 3.110340082165007125e+00 2.128091683006926527e+00 8.130277391935206710e-01
-8.814035607975228004e+00 3.332045678577744141e+00 1.369950089733768195e+00 -3.135723565821767256e+00
2.594791923807913570e+00 -1.845583460650117136e+00 -2.040587442287582487e+00 1.642117872426074099e+00
-6.582233378493396181e+00 -1.888910032679657625e-01 -3.648978305471295980e-01 2.456494022688033851e-01
7.179363828654309110e+00 -6.438387649774455213e-01 2.911636940802176277e+00 6.860139798925588561e-01
4.395723231485002991e+00 3.063284556901234357e+00 4.593996172343234541e+00 1.017053711210572864e+00
4.905802866938964724e-01 -3.722946523130707508e+00 2.167538403190016894e+00 -1.127502122689460817e+00
-1.141568119200243148e+00 5.773587644969331301e+00 -5.861975765261434823e+00 2.472975942370297719e+00
9.043203573713919363e-01 7.585618557645972260e-01 1.710286005793054953e-01 -1.124112316731219252e+00
1.446980315667317996e+00 2.475928976215004074e+00 2.671310192977189857e+00 1.095662092165939683e+00
-6.163188609724524980e+00 -1.002206396790651238e-01 5.474405890890514215e+00 3.267730659881900479e+00
-4.416857420512055654e+00 9.371619300437413758e-01 2.649234780779877063e+00 1.084939096134168945e+00
-5.103471724341321014e+00 -1.547697764244474472e-01 1.194303310617193414e+00 2.576554559330097582e+00
1.709881069013357902e+00 1.529304248900737795e+00 -5.237716836599656034e+00 1.710850458342103142e+00
-7.407718569352804039e+00 6.027538250441631940e-01 1.089509066276635602e-01 -1.348836398105978107e+00
-4.168472861182961786e+00 -2.776572951172601389e+00 -2.780377156862354315e+00 2.022386853600091516e+00
3.159843468692301371e+00 -3.362328843031617165e+00 -4.350279871869163983e+00 -1.435259080512175656e+00
2.078929316883491030e+00 -1.186194291122689703e+00 1.066606054075255106e+00 1.081559955070970913e+00
5.833280901761281889e-01 -3.844394097661225196e+00 -5.242533418442216764e+00 2.797586829331239588e+00
-2.456386961306296968e+00 -2.155274418973235129e+00 4.901943125030223114e-01 -1.191150560474677933e+00
5.495555700314126213e+00 -2.416641753292427808e+00 -3.530828891186070795e-01 -4.745376383411918475e+00
-3.385832752959078817e+00 -5.067713262656600159e-01 3.897625699459416726e+00 2.744260306848354425e+00
-6.482738471944634817e+00 -1.006010980956818512e+00 2.945366550796215122e-01 1.851017426661109466e+00
-4.887578265874948258e+00 -6.839727773690578161e-01 -1.099971236861046364e+00 4.730890430470293673e+00
-4.927396907503831081e+00 -2.159764812476248519e+00 -1.140252672911375720e-01 1.073114931425609986e-01
-1.840005237337612121e+00 -4.475234576221542859e+00 1.779917717142026401e+00 -8.325970666282288546e-01
3.300117908358228824e+00 -4.350962724293326644e+00 -1.235521012962910392e+00 8.570458821743569544e+00
-3.215197338180374231e+00 4.499172618591365524e-02 -3.993740059824105515e+00 -5.351098404499065042e-01
2.205368184939796805e+00 -6.016788345325329246e+00 1.106605781468648964e+00 1.217955543764479343e+00
4.489742546942119716e+00 -2.888314200043242241e+00 8.489032661447850625e-01 -1.147104910909918063e+00
2.101823409597256553e+00 -4.016410982606823943e+00 1.819039681957566934e+00 -3.812830493190172199e+00
2.660020231766999643e+00 -2.282918295887383930e+00 -1.255904867293247129e+00 -2.276911254163445530e+00
-2.170173068506026315e+00 -2.672284044220663457e+00 3.565608754205705111e+00 -1.418298824826748517e+00
4.777318829570611491e+00 2.541455126940861842e+00 -1.235962349760334478e+00 -1.590595500022575548e+00
2.028271226936573246e+00 -6.629984160110725888e+00 -2.939890157254433589e+00 3.315519237314529910e+00
-5.989843541694971352e-01 2.033693481101079836e+00 -6.885604408025013390e-01 2.243073177317188804e+00
3.878899674396587560e-01 2.643473703691868737e-01 -3.039077577834099042e+00 5.362970981318595509e-01
2.216692263594964629e+00 1.063169506945496279e+00 -3.560043375833089829e+00 6.936290384152178135e+00
-2.094447146829466977e+00 1.136230238890113098e+00 -1.236855840490927116e+00 -2.070470845925851844e+00
2.020210393876404442e+00 -2.436410867255652146e+00 9.593300862378556504e-01 3.111779299881591854e+00
2.705217475874455602e+00 3.318731063919768243e+00 -4.086904974448725802e+00 7.986824804571140968e-01
2.960440026476261366e+00 5.783293998982612649e-01 2.679394379712393803e+00 1.523067588952328411e+00
-5.102008525886313484e-01 -6.856241493065076131e-01 1.131277226949756853e+00 -1.700517773963756030e+00
-5.204505305037868013e+00 9.948084662803384770e-01 1.784324714782506760e+00 -1.717315799221286410e+00
5.722660755668545818e+00 -4.397660256483163721e+00 -1.035838828955275570e+00 1.613335254630831717e+00
4.767412116861303062e+00 -7.740758721393993236e-01 1.662966820268031665e+00 7.567933531844767137e-01
2.922441775628994876e+00 -5.112221786522930245e-01 -5.177569769887298889e+00 2.538093099045920509e-01
-2.785368333793892592e+00 5.166124851531052720e+00 -2.573886735503896350e+00 -2.654201052229020252e+00
2.610459411675075891e+00 1.748313045422864365e+00 -5.313008463189037300e+00 -7.312323873525309326e-01
-3.509412557113016806e+00 -1.842243742170510901e+00 -2.110507521278767840e+00 5.816425134068406999e-01
-7.339276196994894086e+00 -7.515283263040558603e-01 2.477009172118846525e+00 3.688062092035054862e-01
2.075062371653117133e+00 6.944013944897704516e-01 -9.885090658016861820e-01 -3.243324029969322897e+00
-1.933379995726715705e+00 -1.090545545093835722e+00 -4.523659479219078072e+00 -2.222152606526857532e+00
5.066834749318784858e+00 -4.942947757969613498e+00 5.939997303852125876e-01 4.980531831480559668e-01
9.456174632305515360e+00 3.181337057424492798e+00 1.093157277841061870e+00 9.557523719488089098e-01
2.159956614771571637e+00 6.920258057196864154e-01 -1.615860317079649278e-01 1.362702357014321297e+00
-5.962670853001929006e-01 -3.501035694485354899e+00 -2.648225474201876928e+00 -6.157939832955000581e-01
1.636781868447050314e+00 3.451667743111674902e+00 -3.831118818882883748e+00 1.321385000055584902e+00
-4.394432759539379063e+00 -2.736871105436888829e+00 8.332267050840667100e-01 7.813450301377434792e-01
4.180338562597673224e+00 3.262708051122158448e+00 -4.332645730129439876e+00 7.514985130133077895e+00
2.623234562271843373e+00 5.958593274200175927e+00 -1.902090337139110687e+00 -2.004613011535775424e+00
4.728620994385085985e-01 9.456802699711706062e-01 1.492056007443456789e+00 1.606274446930145761e+00
4.802476268345534094e-01 -6.123443680185720883e-02 2.455608840507887081e+00 3.847485855980722125e+00
1.871065930999795235e+00 -3.607094142449837726e+00 2.192319365213869276e+00 1.905351207154812876e-01
-2.994556960646609145e+00 3.073057813147777040e-01 3.568529575139637311e-01 1.738155278625029831e+00
5.553402498090500572e+00 -3.200173105592769129e+00 -1.807230564210823842e-01 -4.717245421685013262e+00
3.588151654336389385e+00 -3.172032049190599334e+00 -1.421905746489291467e+00 -2.196212703695942792e-01
4.178718713658479134e-01 -1.615348435921479142e+00 -3.202129015631398623e+00 2.123672230631422631e-01
-9.499400771523934806e-01 -1.351815817289734101e+00 7.454472960258449188e-01 -8.023276433772869254e+00
1.910368298504924622e+00 4.479904470828061092e-01 -1.313228601369653248e+00 1.111583141230178873e+00
-3.139679596601518519e+00 -2.327402202608207737e+00 -3.906243868510657635e-01 1.204556944815430741e+00
-2.802211964374161202e+00 -2.429875924377600693e+00 -2.077424874315710213e+00 -1.754179594036986867e+00
-4.381875611457651587e+00 1.461270927838725031e+00 2.672814800774420352e+00 -2.483361778343563114e-02
2.363849125189118272e+00 -2.078228512900904157e+00 2.384105232691299037e+00 -1.064948651807824942e-01
1.431098144156337959e+00 8.561983495959087920e-01 1.647814732932567638e+00 -1.096085074101999624e+00
-8.778104435628022451e-01 -8.012795158732687328e-01 -1.063453480353291791e+00 -1.982056920208881690e-01
4.339275641420512031e+00 -4.973078482478489604e-01 2.374121038304813358e-01 3.674611603353356237e+00
1.853022348765328564e+00 -3.802954546422356863e-01 -2.080084820250772015e+00 -5.153155749217419590e-01
5.144731924294783987e+00 -4.272718363348975701e-01 3.183605184194350901e+00 -2.900712436783247306e+00
-2.486182301218018864e+00 1.789579881876916412e+00 -5.435128456622654980e+00 -1.923234672209897855e+00
1.567600783899312233e+00 -1.120089126681862446e+00 -1.228319158229227659e+00 -4.192837752112937300e-01
4.944584345511860768e+00 -4.563398647285787035e+00 -2.889070729103733637e+00 2.417232069233665737e+00
5.223147117124904426e+00 -3.854266674303478801e+00 -2.639846857548592940e+00 1.444017604757686923e+00
-3.445352751280337245e+00 -1.398410436447079797e-01 -2.300183093851424498e+00 -8.432802156955329087e-01
-1.447001688831183186e+00 1.134286365543710540e+00 2.841565688340290663e-01 -1.374880702230700358e+00
-5.360117982645245860e+00 2.518823453469344997e+00 4.316169985905856654e-01 -2.798925280233990787e+00
2.304081238204154669e+00 4.479213199058948547e+00 -4.998169045452304893e+00 8.585338192044630334e-01
-4.666228323566881997e+00 -7.058903723138716391e-01 2.028509202383029564e+00 -1.077285157237915403e+00
1.017145794427377764e-01 1.307581127217138039e+00 -1.636508449266410592e+00 -2.156854889534989272e+00
-2.534325744129257152e-01 -2.162630984605230289e+00 -5.786002568433570303e+00 8.342987547065384701e-01
1.016157695178630416e+00 -3.363318328791131684e+00 1.062898583869152258e+00 -1.990214588941813800e-01
-8.243372070835869536e+00 -1.146239372057778594e+00 -1.112787457912782774e+00 1.987488577201673490e+00
7.746734223213809223e-01 -2.145201465029892063e+00 1.175094536438392900e+00 -1.951852362833513599e+00
-4.760715593828853009e+00 4.758286762596282138e-01 -2.070131782248899377e+00 2.342942795296806546e-01
6.327484631464457721e+00 6.454144559982266216e+00 -1.264670437254796331e+00 -1.596061265094167680e+00
-3.158937856277297396e+00 -3.307967341185257482e+00 1.528134858838540219e-03 -1.424980079773719321e+00
6.583594786072438643e-01 4.181766580235037445e+00 -1.073715302496318413e+00 1.777316740555034746e+00
1.479473373408212611e+00 2.068385277610182982e+00 3.255155812760785583e+00 1.540830102229724607e+00
-3.858865925238568639e+00 -1.622221955151292638e+00 1.097104086373545284e+00 -1.874407362294355339e+00
-2.336847960226467347e+00 -3.464913905316735487e-01 3.133470899219207073e+00 1.437075646741882151e+00
-2.607288862450590550e+00 1.091145421796222204e+00 -2.751844437926810993e+00 -2.567736598845332008e+00
1.204908279968886609e+00 -2.566105001614828574e+00 -2.826757358991029978e+00 1.293830028934635834e+00
1.414804075644366277e+00 -4.235607107174067743e+00 1.755249724057217575e+00 -7.881539578716999506e-01
1.774786098760490871e+00 2.095203741759352478e-01 -3.945625165292870662e+00 -1.537459227821879715e+00
-4.383431205851059942e-01 -3.287693313989492161e+00 1.314166548210644825e+00 -2.774116702948866475e+00
-7.044077493984343130e-01 -2.787795712294109940e+00 1.289677571591802741e+00 3.367795345689898467e-01
9.474387207180427595e+00 -1.505424783014728929e+00 4.067192515452068946e+00 1.769954133580346145e+00
2.211018262576974980e+00 5.451645715663421682e-02 -1.555955749387116560e+00 3.603412712633629944e+00
-6.751722215591434484e+00 3.691648221543201158e-01 -4.204825711227125673e+00 1.883751316642169105e+00
-9.292146077348191202e-01 -5.773233484784338065e-01 -1.442721457804408969e-01 5.008438255107297010e-01
-5.687390603193593464e+00 -6.284183031712728962e-01 1.676519682121788923e+00 8.578872970579557444e-01
-2.035729252357505903e+00 1.567291910185476311e+00 -4.110367193646180084e+00 6.256763269504751257e+00
4.353073888353426568e+00 1.507360704522398287e-01 -2.423205222199954267e+00 3.008396479108027322e+00
-2.729740005432554462e+00 1.653958763420164679e+00 -2.483830347952843631e+00 -7.772965422416412418e-01
-1.276712256876637142e+00 -4.232183483205882446e+00 -1.966244751937015867e+00 1.554789693128377559e+00
-8.636567948019762131e-01 -3.428306502969099334e+00 3.203028367564260570e+00 -1.367259165551956812e+00
-4.114487472000540436e+00 2.032602741789194312e+00 2.633278777785552194e+00 2.718250033920063924e+00
-1.633225434778929674e+00 -3.468780680714219411e+00 1.476637377451117228e+00 2.688871289510173512e-01
2.922816767850232589e-01 -2.103737846352801366e+00 7.208101022458258678e-01 -5.222476224785420618e-01
-4.487387098804808794e+00 1.975346194746043338e+00 5.850855360476100442e-01 1.840820637966955831e+00
-3.170242279543602493e+00 -4.963935902180248050e+00 4.630998964027351339e-01 2.564620603091824602e+00
9.141049043792007112e+00 4.981460114436179754e-01 2.279552807282469562e+00 -2.026106163445369646e+00
-6.588977440778817751e+00 2.816296283660789435e+00 -1.389526635398582455e-01 -4.100462236267914840e+00
-7.198593089509349729e-01 -1.679198642701471123e+00 9.866990092678737945e-01 4.565865371619314828e-01
7.497411408059779347e+00 -3.162469946748953209e+00 -2.177271987227642758e-02 3.228930951703721686e+00
-5.751090993737484780e+00 3.164640016029607317e+00 -2.691633760756567684e-01 4.774561204997549879e+00
-6.890330860774053212e-01 2.767328204796534408e+00 -2.641114754098761175e+00 -1.082798439652386868e+00
3.513856447750446588e+00 -3.375216253540247013e+00 -7.603854152291479318e-01 2.120780139470103798e+00
-2.562629418173998364e+00 -2.359941976259158025e+00 6.653986785273444671e-01 -3.257987971173446073e-01
1.389815566094963151e+00 3.540894613369434119e+00 -2.432990275985807305e+00 -2.971474034172365108e+00
1.735529906047594606e+00 -3.678325382622200657e+00 -4.315894536013862748e+00 -4.698019356262135848e-01
-3.234458313310503375e+00 -4.258481588132005946e+00 -1.918760608858714800e+00 3.422565705093952193e+00
-9.124219017260998266e-01 9.709794852883126826e-01 3.363661185335045545e+00 4.747049086092774317e+00
-2.844692511218729347e+00 -1.587485907661765339e+00 -2.066645291873623058e-01 -7.753411351706334109e-01
1.266001371953086929e+00 -6.306750962253238058e-01 -4.525965530472938481e-01 -5.268428050655269423e-01
