-1.352365149746594142e+01 3.623651497465944615e+00 -3.825000000000000000e+01
-1.975903440471390127e+01 2.365149746594530367e-02 -3.825000000000000000e+01
-1.712365149746594284e+01 9.859034404713902688e+00 -3.825000000000000000e+01
-6.259034404713903932e+00 -2.335903440471390269e+01 -3.825000000000000000e+01
-3.623651497465944615e+00 -1.352365149746594142e+01 -3.825000000000000000e+01
-9.859034404713902688e+00 -1.712365149746594284e+01 -3.825000000000000000e+01
-2.365149746594530367e-02 -1.975903440471390127e+01 -3.825000000000000000e+01
2.335903440471390269e+01 -6.259034404713903932e+00 -3.825000000000000000e+01
3.623651497465944615e+00 1.352365149746594142e+01 -3.825000000000000000e+01
9.859034404713902688e+00 1.712365149746594284e+01 -3.825000000000000000e+01
2.365149746594530367e-02 1.975903440471390127e+01 -3.825000000000000000e+01
6.259034404713903932e+00 2.335903440471390269e+01 -3.825000000000000000e+01
1.352365149746594142e+01 -3.623651497465944615e+00 -3.825000000000000000e+01
1.975903440471390127e+01 -2.365149746594530367e-02 -3.825000000000000000e+01
1.712365149746594284e+01 -9.859034404713902688e+00 -3.825000000000000000e+01
-2.335903440471390269e+01 6.259034404713903932e+00 -3.825000000000000000e+01
-1.229422863405994804e+01 3.294228634059948924e+00 -3.375000000000000000e+01
-1.619134295108992205e+01 1.044228634059949368e+00 -3.375000000000000000e+01
-1.454422863405994804e+01 7.191342951089922053e+00 -3.375000000000000000e+01
-1.844134295108992205e+01 4.941342951089922941e+00 -3.375000000000000000e+01
-3.294228634059948924e+00 -1.229422863405994804e+01 -3.375000000000000000e+01
-7.191342951089922053e+00 -1.454422863405994804e+01 -3.375000000000000000e+01
-1.044228634059949368e+00 -1.619134295108992205e+01 -3.375000000000000000e+01
-4.941342951089922941e+00 -1.844134295108992205e+01 -3.375000000000000000e+01
3.294228634059948924e+00 1.229422863405994804e+01 -3.375000000000000000e+01
7.191342951089922053e+00 1.454422863405994804e+01 -3.375000000000000000e+01
1.044228634059949368e+00 1.619134295108992205e+01 -3.375000000000000000e+01
4.941342951089922941e+00 1.844134295108992205e+01 -3.375000000000000000e+01
1.229422863405994804e+01 -3.294228634059948924e+00 -3.375000000000000000e+01
1.619134295108992205e+01 -1.044228634059949368e+00 -3.375000000000000000e+01
1.454422863405994804e+01 -7.191342951089922053e+00 -3.375000000000000000e+01
1.844134295108992205e+01 -4.941342951089922941e+00 -3.375000000000000000e+01
-9.835382907247959494e+00 2.635382907247959761e+00 -2.925000000000000000e+01
-1.163538290724795665e+01 5.753074360871939241e+00 -2.925000000000000000e+01
-1.295307436087193764e+01 8.353829072479604934e-01 -2.925000000000000000e+01
-1.475307436087193658e+01 3.953074360871939419e+00 -2.925000000000000000e+01
-2.635382907247959761e+00 -9.835382907247959494e+00 -2.925000000000000000e+01
-8.353829072479604934e-01 -1.295307436087193764e+01 -2.925000000000000000e+01
-5.753074360871939241e+00 -1.163538290724795665e+01 -2.925000000000000000e+01
-3.953074360871939419e+00 -1.475307436087193658e+01 -2.925000000000000000e+01
2.635382907247959761e+00 9.835382907247959494e+00 -2.925000000000000000e+01
8.353829072479604934e-01 1.295307436087193764e+01 -2.925000000000000000e+01
5.753074360871939241e+00 1.163538290724795665e+01 -2.925000000000000000e+01
3.953074360871939419e+00 1.475307436087193658e+01 -2.925000000000000000e+01
9.835382907247959494e+00 -2.635382907247959761e+00 -2.925000000000000000e+01
1.163538290724795665e+01 -5.753074360871939241e+00 -2.925000000000000000e+01
1.295307436087193764e+01 -8.353829072479604934e-01 -2.925000000000000000e+01
1.475307436087193658e+01 -3.953074360871939419e+00 -2.925000000000000000e+01
-3.294228634059948924e+00 -1.229422863405994804e+01 -2.475000000000000000e+01
1.927904550760216384e+00 -9.279228634059947467e+00 -2.475000000000000000e+01
7.072095449239783171e+00 -6.309228634059948604e+00 -2.475000000000000000e+01
1.229422863405994804e+01 -3.294228634059948924e+00 -2.475000000000000000e+01
-6.309228634059948604e+00 -7.072095449239783171e+00 -2.475000000000000000e+01
-1.087095449239783296e+00 -4.057095449239782603e+00 -2.475000000000000000e+01
4.057095449239782603e+00 -1.087095449239783296e+00 -2.475000000000000000e+01
9.279228634059947467e+00 1.927904550760216384e+00 -2.475000000000000000e+01
-9.279228634059947467e+00 -1.927904550760216384e+00 -2.475000000000000000e+01
-4.057095449239782603e+00 1.087095449239783296e+00 -2.475000000000000000e+01
1.087095449239783296e+00 4.057095449239782603e+00 -2.475000000000000000e+01
6.309228634059948604e+00 7.072095449239783171e+00 -2.475000000000000000e+01
3.294228634059948924e+00 1.229422863405994804e+01 -2.475000000000000000e+01
-7.072095449239783171e+00 6.309228634059948604e+00 -2.475000000000000000e+01
-1.927904550760216384e+00 9.279228634059947467e+00 -2.475000000000000000e+01
-1.229422863405994804e+01 3.294228634059948924e+00 -2.475000000000000000e+01
-4.917691453623979747e+00 1.317691453623979880e+00 -2.025000000000000000e+01
-7.167691453623979747e+00 5.214805770653954120e+00 -2.025000000000000000e+01
-8.814805770653952877e+00 -9.323085463760198977e-01 -2.025000000000000000e+01
-1.106480577065395288e+01 2.964805770653954120e+00 -2.025000000000000000e+01
4.917691453623979747e+00 -1.317691453623979880e+00 -2.025000000000000000e+01
7.167691453623979747e+00 -5.214805770653954120e+00 -2.025000000000000000e+01
8.814805770653952877e+00 9.323085463760198977e-01 -2.025000000000000000e+01
1.106480577065395288e+01 -2.964805770653954120e+00 -2.025000000000000000e+01
-1.317691453623979880e+00 -4.917691453623979747e+00 -2.025000000000000000e+01
9.323085463760198977e-01 -8.814805770653952877e+00 -2.025000000000000000e+01
-5.214805770653954120e+00 -7.167691453623979747e+00 -2.025000000000000000e+01
-2.964805770653954120e+00 -1.106480577065395288e+01 -2.025000000000000000e+01
1.317691453623979880e+00 4.917691453623979747e+00 -2.025000000000000000e+01
-9.323085463760198977e-01 8.814805770653952877e+00 -2.025000000000000000e+01
5.214805770653954120e+00 7.167691453623979747e+00 -2.025000000000000000e+01
2.964805770653954120e+00 1.106480577065395288e+01 -2.025000000000000000e+01
-2.635382907247959761e+00 -9.835382907247959494e+00 -1.575000000000000000e+01
9.835382907247959494e+00 -2.635382907247959761e+00 -1.575000000000000000e+01
2.635382907247959761e+00 9.835382907247959494e+00 -1.575000000000000000e+01
-9.835382907247959494e+00 2.635382907247959761e+00 -1.575000000000000000e+01
-6.235382907247958961e+00 -3.599999999999999645e+00 -1.575000000000000000e+01
6.235382907247958961e+00 3.599999999999999645e+00 -1.575000000000000000e+01
-3.599999999999999645e+00 6.235382907247958961e+00 -1.575000000000000000e+01
3.599999999999999645e+00 -6.235382907247958961e+00 -1.575000000000000000e+01
1.976537180435969709e+00 7.376537180435968288e+00 -1.125000000000000000e+01
7.376537180435968288e+00 -1.976537180435969709e+00 -1.125000000000000000e+01
-7.376537180435968288e+00 1.976537180435969709e+00 -1.125000000000000000e+01
-1.976537180435969709e+00 -7.376537180435968288e+00 -1.125000000000000000e+01
-6.147114317029974018e+00 1.647114317029974462e+00 -6.750000000000000000e+00
6.147114317029974018e+00 -1.647114317029974462e+00 -6.750000000000000000e+00
1.647114317029974462e+00 6.147114317029974018e+00 -6.750000000000000000e+00
-1.647114317029974462e+00 -6.147114317029974018e+00 -6.750000000000000000e+00
-1.317691453623979880e+00 -4.917691453623979747e+00 -2.699999999999999734e+00
4.917691453623979747e+00 -1.317691453623979880e+00 -2.699999999999999734e+00
1.317691453623979880e+00 4.917691453623979747e+00 -2.699999999999999734e+00
-4.917691453623979747e+00 1.317691453623979880e+00 -2.699999999999999734e+00
-3.688268590217984144e+00 9.882685902179848547e-01 2.250000000000000000e+00
3.688268590217984144e+00 -9.882685902179848547e-01 2.250000000000000000e+00
9.882685902179848547e-01 3.688268590217984144e+00 2.250000000000000000e+00
-9.882685902179848547e-01 -3.688268590217984144e+00 2.250000000000000000e+00
8.235571585149872309e-01 3.073557158514987009e+00 9.000000000000000000e+00
-3.073557158514987009e+00 8.235571585149872309e-01 9.000000000000000000e+00
3.073557158514987009e+00 -8.235571585149872309e-01 9.000000000000000000e+00
-8.235571585149872309e-01 -3.073557158514987009e+00 9.000000000000000000e+00
-7.576725858337882702e-01 -2.827672585833787888e+00 1.575000000000000000e+01
2.827672585833787888e+00 -7.576725858337882702e-01 1.575000000000000000e+01
-2.827672585833787888e+00 7.576725858337882702e-01 1.575000000000000000e+01
7.576725858337882702e-01 2.827672585833787888e+00 1.575000000000000000e+01
7.247302994931886788e-01 2.704730299493188550e+00 2.250000000000000000e+01
-2.704730299493188550e+00 7.247302994931886788e-01 2.250000000000000000e+01
2.704730299493188550e+00 -7.247302994931886788e-01 2.250000000000000000e+01
-7.247302994931886788e-01 -2.704730299493188550e+00 2.250000000000000000e+01
-2.458845726811989874e+00 6.588457268119899402e-01 2.925000000000000000e+01
2.458845726811989874e+00 -6.588457268119899402e-01 2.925000000000000000e+01
6.588457268119899402e-01 2.458845726811989874e+00 2.925000000000000000e+01
-6.588457268119899402e-01 -2.458845726811989874e+00 2.925000000000000000e+01
8.235571585149872309e-01 3.073557158514987009e+00 3.285000000000000142e+01
-3.073557158514987009e+00 8.235571585149872309e-01 3.285000000000000142e+01
3.073557158514987009e+00 -8.235571585149872309e-01 3.285000000000000142e+01
-8.235571585149872309e-01 -3.073557158514987009e+00 3.285000000000000142e+01
-0.000000000000000000e+00 0.000000000000000000e+00 3.600000000000000000e+01
4.199795599858229153e-17 -1.125331839357795486e-17 3.825000000000000000e+01
